43,43,43,43,43,43
30,30,30,30,30,30
45,45,45,45,45,46
36,36,36,36,36,40
52,52,52,52,52,53
33,33,33,33,33,35
39,39,39,39,39,43
49,49,49,49,49,51
53,53,53,53,53,54
43,43,43,43,43,43
45,45,45,45,45,48
43,43,43,43,43,43
43,43,43,43,30,33
30,30,30,30,30,32
45,45,45,45,46,49
36,36,36,36,40,38
52,52,52,52,53,54
33,33,33,33,35,38
39,39,39,39,43,46
49,49,49,49,51,51
53,53,53,53,54,52
43,43,43,43,43,43
45,45,45,45,48,47
43,43,43,43,43,44
43,43,43,30,33,37
30,30,30,30,30,28
45,45,45,46,49,48
36,36,36,40,38,39
52,52,52,53,54,57
33,33,33,35,38,41
39,39,39,43,46,48
49,49,49,51,51,55
53,53,53,54,52,50
43,43,43,43,43,45
45,45,45,48,47,47
43,43,43,43,44,48
43,43,30,33,37,39
30,30,30,30,28,32
45,45,46,49,30,30
36,36,40,38,39,40
52,52,53,54,57,55
33,33,35,38,41,45
39,39,43,46,48,52
49,49,51,51,55,57
53,53,54,52,50,53
43,43,43,43,45,49
45,45,48,47,47,46
43,43,43,44,48,46
43,30,33,37,39,40
30,30,30,28,32,31
45,46,49,30,30,33
36,40,38,39,30,34
52,53,54,57,55,55
33,35,38,41,45,46
39,43,46,48,52,52
49,51,51,55,57,56
53,54,52,50,53,53
43,43,43,45,49,50
45,48,47,47,46,46
43,43,44,48,46,48
30,33,37,39,40,44
30,30,28,32,31,31
46,49,30,30,33,36
40,38,39,30,34,34
53,54,57,55,30,30
35,38,41,45,45,44
43,46,48,52,52,52
51,51,55,57,56,55
54,52,50,53,53,54
43,43,45,49,50,49
48,47,47,46,46,44
43,44,48,46,48,46
33,37,39,40,44,46
30,28,32,31,31,31
49,30,30,33,36,39
38,39,30,34,34,33
54,57,55,30,30,34
38,41,45,45,30,33
46,48,52,52,52,52
51,55,57,56,55,53
52,50,53,53,54,53
43,45,49,50,49,49
47,47,46,46,44,47
44,48,46,48,46,44
37,39,40,44,46,48
28,32,31,31,31,33
30,30,33,36,39,37
39,30,34,34,33,34
57,55,30,30,34,38
41,45,45,30,33,33
48,52,52,52,30,32
55,57,56,55,55,54
50,53,53,54,53,51
45,49,50,49,49,51
47,46,46,44,47,46
48,46,48,46,44,45
39,40,44,46,48,47
32,31,31,31,33,32
30,33,36,39,37,41
30,34,34,33,34,38
55,30,30,34,38,37
45,45,30,33,33,35
52,52,52,30,32,33
57,56,55,55,30,28
53,53,54,53,53,54
49,50,49,49,51,55
46,46,44,47,46,48
46,48,46,44,45,44
40,44,46,48,47,45
31,31,31,33,32,31
33,36,39,37,41,41
34,34,33,34,38,41
30,30,34,38,37,35
45,30,33,33,35,38
52,52,30,32,33,33
56,55,55,30,28,31
53,54,53,53,30,31
50,49,49,51,51,49
46,44,47,46,46,45
48,46,44,45,44,42
44,46,48,47,45,47
31,31,33,32,31,34
36,39,37,41,41,40
34,33,34,38,41,42
30,34,38,37,35,39
30,33,33,35,38,39
52,30,32,33,33,37
55,55,30,28,31,32
54,53,53,30,31,29
49,49,51,51,30,31
44,47,46,46,46,46
46,44,45,44,42,46
46,48,47,45,47,46
31,33,32,31,34,33
39,37,41,41,40,40
33,34,38,41,42,43
34,38,37,35,39,39
33,33,35,38,39,40
30,32,33,33,37,36
55,30,28,31,32,33
53,53,30,31,29,27
49,51,51,30,31,33
47,46,46,46,30,30
44,45,44,42,42,41
48,47,45,47,46,49
33,32,31,34,33,32
37,41,41,40,40,42
34,38,41,42,43,43
38,37,35,39,39,43
33,35,38,39,40,42
32,33,33,37,36,36
30,28,31,32,33,34
53,30,31,29,27,31
51,51,30,31,33,36
46,46,46,30,30,32
45,44,42,42,30,33
47,45,47,46,30,32
32,31,34,33,32,35
41,41,40,40,42,44
38,41,42,43,43,44
37,35,39,39,43,45
35,38,39,40,42,44
33,33,37,36,36,36
28,31,32,33,34,37
30,31,29,27,31,33
51,30,31,33,36,39
46,46,30,30,32,30
44,42,42,30,33,31
45,47,46,30,32,32
31,34,33,32,30,32
41,40,40,42,44,45
41,42,43,43,44,44
35,39,39,43,45,45
38,39,40,42,44,46
33,37,36,36,36,37
31,32,33,34,37,41
31,29,27,31,33,33
30,31,33,36,39,38
46,30,30,32,30,31
42,42,30,33,31,30
47,46,30,32,32,30
34,33,32,30,32,30
40,40,42,44,30,32
42,43,43,44,44,44
39,39,43,45,45,47
39,40,42,44,46,46
37,36,36,36,37,41
32,33,34,37,41,45
29,27,31,33,33,34
31,33,36,39,38,39
30,30,32,30,31,29
42,30,33,31,30,28
46,30,32,32,30,32
33,32,30,32,30,34
40,42,44,30,32,35
43,43,44,44,30,33
39,43,45,45,47,46
40,42,44,46,46,49
36,36,36,37,41,43
33,34,37,41,45,48
27,31,33,33,34,38
33,36,39,38,39,39
30,32,30,31,29,30
30,33,31,30,28,32
30,32,32,30,32,36
32,30,32,30,34,36
42,44,30,32,35,33
43,44,44,30,33,34
43,45,45,47,30,28
42,44,46,46,49,50
36,36,37,41,43,47
34,37,41,45,48,51
31,33,33,34,38,36
36,39,38,39,39,41
32,30,31,29,30,28
33,31,30,28,32,32
32,32,30,32,36,40
30,32,30,34,36,35
44,30,32,35,33,36
44,44,30,33,34,36
45,45,47,30,28,28
44,46,46,49,30,31
36,37,41,43,43,46
37,41,45,48,51,55
33,33,34,38,36,37
39,38,39,39,41,40
30,31,29,30,28,30
31,30,28,32,32,36
32,30,32,36,40,39
32,30,34,36,35,37
30,32,35,33,36,34
44,30,33,34,36,37
45,47,30,28,28,28
46,46,49,30,31,32
37,41,43,43,30,34
41,45,48,51,51,49
33,34,38,36,37,39
38,39,39,41,40,41
31,29,30,28,30,28
30,28,32,32,36,35
30,32,36,40,39,41
30,34,36,35,37,41
32,35,33,36,34,32
30,33,34,36,37,38
47,30,28,28,28,30
46,49,30,31,32,34
41,43,43,30,34,33
45,48,51,51,30,29
34,38,36,37,39,42
39,39,41,40,41,44
29,30,28,30,28,29
28,32,32,36,35,37
32,36,40,39,41,44
34,36,35,37,41,39
35,33,36,34,32,34
33,34,36,37,38,37
30,28,28,28,30,29
49,30,31,32,34,38
43,43,30,34,33,37
48,51,51,30,29,30
38,36,37,39,30,31
39,41,40,41,44,43
30,28,30,28,29,28
32,32,36,35,37,37
36,40,39,41,44,45
36,35,37,41,39,37
33,36,34,32,34,32
34,36,37,38,37,40
28,28,28,30,29,28
30,31,32,34,38,36
43,30,34,33,37,39
51,51,30,29,30,28
36,37,39,30,31,31
41,40,41,44,30,31
28,30,28,29,28,31
32,36,35,37,37,36
40,39,41,44,45,45
35,37,41,39,37,41
36,34,32,34,32,36
36,37,38,37,40,41
28,28,30,29,28,29
31,32,34,38,36,40
30,34,33,37,39,38
51,30,29,30,28,29
37,39,30,31,31,35
40,41,44,30,31,32
30,28,29,28,30,31
36,35,37,37,37,40
39,41,44,45,45,46
37,41,39,37,41,43
34,32,34,32,36,36
37,38,37,40,41,42
28,30,29,28,29,31
32,34,38,36,40,43
34,33,37,39,38,37
30,29,30,28,29,30
39,30,31,31,35,36
41,44,30,31,32,36
28,29,28,30,31,31
35,37,37,37,30,29
41,44,45,45,30,34
41,39,37,41,43,46
32,34,32,36,36,37
38,37,40,41,42,46
30,29,28,29,31,31
34,38,36,40,43,47
33,37,39,38,37,39
29,30,28,29,30,30
30,31,31,35,36,38
44,30,31,32,36,39
29,28,30,31,31,29
37,37,37,30,29,27
44,45,45,30,34,32
39,37,41,43,30,31
34,32,36,36,37,37
37,40,41,42,46,47
29,28,29,31,31,32
38,36,40,43,47,45
37,39,38,37,39,43
30,28,29,30,30,28
31,31,35,36,38,39
30,31,32,36,39,37
28,30,31,31,29,31
37,37,30,29,27,26
45,45,30,34,32,35
37,41,43,30,31,35
32,36,36,37,30,30
40,41,42,46,47,45
28,29,31,31,32,30
36,40,43,47,45,44
39,38,37,39,43,47
28,29,30,30,28,31
31,35,36,38,39,38
31,32,36,39,37,41
30,31,31,29,31,33
37,30,29,27,26,28
45,30,34,32,35,37
41,43,30,31,35,37
36,36,37,30,30,31
41,42,46,47,30,34
29,31,31,32,30,29
40,43,47,45,44,42
38,37,39,43,47,50
29,30,30,28,31,31
35,36,38,39,38,37
32,36,39,37,41,45
31,31,29,31,33,31
30,29,27,26,28,29
30,34,32,35,37,37
43,30,31,35,37,41
36,37,30,30,31,34
42,46,47,30,34,33
31,31,32,30,30,32
43,47,45,44,42,42
37,39,43,47,50,53
30,30,28,31,31,30
36,38,39,38,37,38
36,39,37,41,45,47
31,29,31,33,31,30
29,27,26,28,29,28
34,32,35,37,37,38
30,31,35,37,41,40
37,30,30,31,34,37
46,47,30,34,33,32
31,32,30,30,32,32
47,45,44,42,30,33
39,43,47,50,53,51
30,28,31,31,30,30
38,39,38,37,38,38
39,37,41,45,47,50
29,31,33,31,30,29
27,26,28,29,28,27
32,35,37,37,38,42
31,35,37,41,40,38
30,30,31,34,37,35
47,30,34,33,32,33
32,30,30,32,32,31
45,44,42,30,33,32
43,47,50,53,30,33
28,31,31,30,30,30
39,38,37,38,38,38
37,41,45,47,50,50
31,33,31,30,29,28
26,28,29,28,27,30
35,37,37,38,42,42
35,37,41,40,38,39
30,31,34,37,35,34
30,34,33,32,33,37
30,30,32,32,31,34
44,42,30,33,32,35
47,50,53,30,33,31
31,31,30,30,30,30
38,37,38,38,38,37
41,45,47,50,50,49
33,31,30,29,28,26
28,29,28,27,30,34
37,37,38,42,42,41
37,41,40,38,39,38
31,34,37,35,34,36
34,33,32,33,37,39
30,32,32,31,34,36
42,30,33,32,35,38
50,53,30,33,31,35
31,30,30,30,30,28
37,38,38,38,30,31
45,47,50,50,50,52
31,30,29,28,26,26
29,28,27,30,34,36
37,38,42,42,41,42
41,40,38,39,38,37
34,37,35,34,36,34
33,32,33,37,39,43
32,32,31,34,36,34
30,33,32,35,38,37
53,30,33,31,35,39
30,30,30,30,28,29
38,38,38,30,31,31
47,50,50,50,30,31
30,29,28,26,26,27
28,27,30,34,36,34
38,42,42,41,42,43
40,38,39,38,37,39
37,35,34,36,34,32
32,33,37,39,43,47
32,31,34,36,34,37
33,32,35,38,37,41
30,33,31,35,39,37
30,30,30,28,29,31
38,38,30,31,31,29
50,50,50,30,31,33
29,28,26,26,30,31
27,30,34,36,34,37
42,42,41,42,43,43
38,39,38,37,39,37
35,34,36,34,32,34
33,37,39,43,47,49
31,34,36,34,37,40
32,35,38,37,41,39
33,31,35,39,37,36
30,30,28,29,31,33
38,30,31,31,29,27
50,50,30,31,33,35
28,26,26,30,31,32
30,34,36,34,30,30
42,41,42,43,30,34
39,38,37,39,37,41
34,36,34,32,34,32
37,39,43,47,49,49
34,36,34,37,40,43
35,38,37,41,39,41
31,35,39,37,36,39
30,28,29,31,33,33
30,31,31,29,27,28
50,30,31,33,35,39
26,26,30,31,32,31
34,36,34,30,30,28
41,42,43,30,34,37
38,37,39,37,30,28
36,34,32,34,32,32
39,43,47,49,49,48
36,34,37,40,43,46
38,37,41,39,41,45
35,39,37,36,39,40
28,29,31,33,33,32
31,31,29,27,28,29
30,31,33,35,39,40
26,30,31,32,31,34
36,34,30,30,28,26
42,43,30,34,37,35
37,39,37,30,28,28
34,32,34,32,30,33
43,47,49,49,48,50
34,37,40,43,46,46
37,41,39,41,45,43
39,37,36,39,40,40
29,31,33,33,32,31
31,29,27,28,29,31
31,33,35,39,40,42
30,31,32,31,34,35
34,30,30,28,26,29
43,30,34,37,35,39
39,37,30,28,28,27
32,34,32,30,33,31
47,49,49,48,30,34
37,40,43,46,46,46
41,39,41,45,43,46
37,36,39,40,40,43
31,33,33,32,31,34
29,27,28,29,31,31
33,35,39,40,42,40
31,32,31,34,35,35
30,30,28,26,29,31
30,34,37,35,39,42
37,30,28,28,27,27
34,32,30,33,31,31
49,49,48,30,34,35
40,43,46,46,30,32
39,41,45,43,46,46
36,39,40,40,43,47
33,33,32,31,34,36
27,28,29,31,31,35
35,39,40,42,40,44
32,31,34,35,35,38
30,28,26,29,31,31
34,37,35,39,42,41
30,28,28,27,27,26
32,30,33,31,31,30
49,48,30,34,35,39
43,46,46,30,32,35
41,45,43,46,30,32
39,40,40,43,43,43
33,32,31,34,36,36
28,29,31,31,35,36
39,40,42,40,44,46
31,34,35,35,38,38
28,26,29,31,31,35
37,35,39,42,41,41
28,28,27,27,26,27
30,33,31,31,30,30
48,30,34,35,39,42
46,46,30,32,35,36
45,43,46,30,32,36
40,40,43,43,30,34
32,31,34,36,36,35
29,31,31,35,36,34
40,42,40,44,46,47
34,35,35,38,38,40
26,29,31,31,35,34
35,39,42,41,41,41
28,27,27,26,27,25
33,31,31,30,30,31
30,34,35,39,42,46
46,30,32,35,36,40
43,46,30,32,36,34
40,43,43,30,34,32
31,34,36,36,30,32
31,31,35,36,34,34
42,40,44,46,47,48
35,35,38,38,40,44
29,31,31,35,34,37
39,42,41,41,41,43
27,27,26,27,25,23
31,31,30,30,31,33
34,35,39,42,46,45
30,32,35,36,40,44
46,30,32,36,34,32
43,43,30,34,32,35
34,36,36,30,32,32
31,35,36,34,30,32
40,44,46,47,48,50
35,38,38,40,44,42
31,31,35,34,37,41
42,41,41,41,43,43
27,26,27,25,23,24
31,30,30,31,33,36
35,39,42,46,45,44
32,35,36,40,44,42
30,32,36,34,32,36
43,30,34,32,35,36
36,36,30,32,32,36
35,36,34,30,32,32
44,46,47,48,30,33
38,38,40,44,42,45
31,35,34,37,41,43
41,41,41,43,43,45
26,27,25,23,24,24
30,30,31,33,36,35
39,42,46,45,44,44
35,36,40,44,42,44
32,36,34,32,36,34
30,34,32,35,36,36
36,30,32,32,36,36
36,34,30,32,32,36
46,47,48,30,33,33
38,40,44,42,30,34
35,34,37,41,43,46
41,41,43,43,43,44
27,25,23,24,24,24
30,31,33,36,35,33
42,46,45,44,44,43
36,40,44,42,44,44
36,34,32,36,34,34
34,32,35,36,36,40
30,32,32,36,36,37
34,30,32,32,36,36
47,48,30,33,33,36
40,44,42,30,34,37
34,37,41,43,30,28
41,43,43,43,30,28
25,23,24,24,24,22
31,33,36,35,33,37
46,45,44,44,43,42
40,44,42,44,44,47
34,32,36,34,34,38
32,35,36,36,40,43
32,32,36,36,37,40
30,32,32,36,36,35
48,30,33,33,36,34
44,42,30,34,37,38
37,41,43,30,28,32
43,43,43,30,28,30
23,24,24,24,30,28
33,36,35,33,37,40
45,44,44,43,42,46
44,42,44,44,47,45
32,36,34,34,38,40
35,36,36,40,43,43
32,36,36,37,40,40
32,32,36,36,35,35
30,33,33,36,34,33
42,30,34,37,38,36
41,43,30,28,32,30
